36 0.482143 0.458835 0.153061 0.082329
36 0.538265 0.043173 0.147959 0.058233
36 0.591837 0.09739 0.132653 0.070281
36 0.65051 0.161647 0.158163 0.066265
36 0.684949 0.2249 0.135204 0.072289
36 0.739796 0.285141 0.137755 0.060241
36 0.799745 0.342369 0.140306 0.058233
36 0.839286 0.40261 0.137755 0.062249
36 0.90051 0.467871 0.137755 0.056225
36 0.938776 0.532129 0.122449 0.064257
36 0.733418 0.060241 0.15051 0.060241
36 0.77551 0.12249 0.137755 0.052209
36 0.836735 0.184739 0.142857 0.056225
36 0.885204 0.242972 0.153061 0.060241
36 0.938776 0.304217 0.112245 0.070281
36 0.859694 0.034137 0.137755 0.052209
36 0.91199 0.096386 0.140306 0.052209
36 0.951531 0.151606 0.096939 0.066265
